1		24.735		24.688		
2		24.732		24.691		
3		24.726		24.691		
4		24.741		24.688		
5		24.744		24.685		
6		24.723		24.685		
7		24.735		24.685		
8		24.747		24.691		
9		24.744		24.694		
10		24.747		24.694		
11		24.735		24.694		
12		24.735		24.682		
13		24.720		24.694		
14		24.723		24.682		
15		24.717		24.682		
16		24.735		24.670		
17		24.726		24.673		
18		24.744		24.685		
19		24.717		24.682		
20		24.732		24.679		
21		24.720		24.670		
22		24.732		24.679		
23		24.738		24.682		
24		24.741		24.673		
25		24.738		24.667		
26		24.747		24.673		
27		24.750		24.682		
28		24.732		24.676		
29		24.735		24.676		
30		24.732		24.670		
31		24.723		24.661		
32		24.735		24.673		
33		24.741		24.670		
34		24.732		24.667		
35		24.729		24.667		
36		24.726		24.676		
37		24.735		24.658		
38		24.726		24.652		
39		24.723		24.658		
40		24.715		24.652		
41		24.720		24.655		
42		24.706		24.661		
43		24.712		24.634		
44		24.712		24.637		
45		24.709		24.637		
46		24.715		24.649		
47		24.712		24.643		
48		24.709		24.631		
49		24.706		24.613		
50		24.700		24.643		
51		24.703		24.628		
52		24.697		24.625		
53		24.706		24.628		
54		24.694		24.619		
55		24.697		24.625		
56		24.700		24.625		
57		24.709		24.616		
58		24.700		24.616		
59		24.691		24.622		
60		24.700		24.628		
61		24.688		24.634		
62		24.691		24.622		
63		24.706		24.628		
64		24.685		24.619		
65		24.700		24.628		
66		24.789		26.066		
67		24.723		24.658		
68		24.723		24.658		
69		24.750		24.738		
70		24.878		24.920		
71		25.050		25.165		
72		25.280		25.433		
73		25.518		25.687		
74		25.768		25.893		
75		25.976		26.097		
76		26.166		26.261		
77		26.347		26.398		
78		26.504		26.507		
79		26.640		26.592		
80		26.751		26.674		
81		26.855		26.753		
82		26.954		26.790		
83		27.024		26.841		
84		27.077		26.866		
85		27.145		26.881		
86		27.192		26.903		
87		27.240		26.911		
88		27.267		26.928		
89		27.287		26.920		
90		27.326		26.934		
91		27.348		26.937		
92		27.365		26.926		
93		27.390		26.937		
94		27.404		26.926		
95		27.421		26.926		
96		27.418		26.928		
97		27.429		26.917		
98		27.440		26.906		
99		27.448		26.911		
100		27.468		26.920		
101		27.471		26.911		
102		27.471		26.909		
103		27.473		26.906		
104		27.482		26.897		
105		27.482		26.881		
106		27.487		26.869		
107		27.479		26.881		
108		27.487		26.878		
109		27.487		26.875		
110		27.482		26.866		
111		27.484		26.869		
112		27.482		26.864		
113		27.498		26.861		
114		27.493		26.866		
115		27.490		26.855		
116		27.479		26.841		
117		27.479		26.835		
118		27.484		26.841		
119		27.482		26.847		
120		27.479		26.835		
121		27.476		26.841		
122		27.482		26.827		
123		27.479		26.818		
124		27.473		26.827		
125		27.479		26.838		
126		27.473		26.818		
127		27.459		26.818		
128		27.462		26.816		
129		27.468		26.810		
130		27.459		26.799		
131		27.465		26.821		
132		27.462		26.807		
133		27.465		26.810		
134		27.476		26.796		
135		27.457		26.796		
136		27.462		26.782		
137		27.457		26.796		
138		27.459		26.785		
139		27.454		26.785		
140		27.462		26.787		
141		27.459		26.782		
142		27.451		26.765		
143		27.443		26.773		
144		27.440		26.770		
145		27.443		26.753		
146		27.440		26.765		
147		27.435		26.759		
148		27.448		26.753		
149		27.432		26.753		
150		27.446		26.736		
151		27.435		26.748		
152		27.423		26.728		
153		27.418		26.739		
154		27.423		26.739		
155		27.415		26.731		
156		27.415		26.731		
157		27.407		26.728		
158		27.404		26.720		
159		27.404		26.708		
160		27.404		26.705		
161		27.387		26.711		
162		27.404		26.720		
163		27.404		26.711		
164		27.393		26.714		
165		27.382		26.714		
166		27.393		26.714		
167		27.390		26.708		
168		27.373		26.697		
169		27.359		26.694		
170		27.365		26.683		
171		27.373		26.686		
172		27.354		26.694		
173		27.368		26.691		
174		27.362		26.674		
175		27.371		26.680		
176		27.357		26.688		
177		27.357		26.674		
178		27.365		26.677		
179		27.351		26.680		
180		27.354		26.666		
181		27.354		26.671		
182		27.343		26.654		
183		27.340		26.666		
184		27.343		26.646		
185		27.332		26.649		
186		27.318		26.629		
187		27.301		26.620		
188		27.304		26.617		
189		27.307		26.620		
190		27.298		26.612		
191		27.290		26.617		
192		27.290		26.600		
193		27.290		26.612		
194		27.270		26.606		
195		27.295		26.606		
196		27.273		26.606		
197		27.273		26.595		
198		27.265		26.598		
199		27.265		26.600		
200		27.270		26.592		
201		27.256		26.589		
202		27.265		26.589		
203		27.254		26.575		
204		27.256		26.586		
205		27.251		26.578		
206		27.251		26.564		
207		27.228		26.566		
208		27.234		26.564		
209		27.226		26.555		
210		27.228		26.558		
211		27.234		26.566		
212		27.217		26.558		
213		27.234		26.572		
214		27.228		26.555		
215		27.212		26.546		
216		27.214		26.552		
217		27.212		26.561		
218		27.217		26.558		
219		27.200		26.561		
220		27.203		26.555		
221		27.200		26.558		
222		27.200		26.546		
223		27.200		26.552		
224		27.192		26.561		
225		27.200		26.552		
226		27.192		26.541		
227		27.189		26.541		
228		27.184		26.541		
229		27.184		26.541		
230		27.184		26.541		
231		27.186		26.538		
232		27.184		26.521		
233		27.184		26.532		
234		27.181		26.524		
235		27.178		26.524		
236		27.159		26.518		
237		27.159		26.515		
238		27.145		26.515		
239		27.147		26.509		
240		27.159		26.509		
241		27.145		26.518		
242		27.156		26.524		
243		27.153		26.512		
244		27.139		26.498		
245		27.133		26.509		
246		27.139		26.518		
247		27.133		26.492		
248		27.145		26.504		
249		27.133		26.504		
250		27.142		26.501		
251		27.128		26.498		
252		27.119		26.501		
253		27.128		26.504		
254		27.122		26.501		
255		27.125		26.507		
256		27.114		26.495		
